%YAML:1.0

Camera.type: "Pinhole"

Camera.w: 640
Camera.h: 480
Camera.fx: 520.908620
Camera.fy: 521.007327
Camera.cx: 325.141442
Camera.cy: 249.701764

Camera.k1: 0.231222
Camera.k2: -0.784899
Camera.p1: -0.003257
Camera.p2: -0.000105
Camera.k3: 0.917205
